factor_center: 0.83464566929133843232
factor_collision: 0.64566929133858286249
factor_target: 0
factor_velocity: -0.29921259842519676297
factor_wander: 2.5
limit_collision: 33.170866141732290089
limit_velocity: 57.501574803149594572
limit_visibility: 146.55669291338583093
layers_files: 17
canvas_save: true
image_path: #01/
osc_address: 127.0.0.1
osc_port: 9999
fullscreen: true
